# 2H
0  0   AX3
0 -1   B

# 2H (repeated 6 times)
#0  0  1  1  2  2 0  0  1  1  2  2  AX3
#0 -1 -2  0 -1 -2 0 -1 -2  0 -1 -2  B

# 3C 
#0 0 0 AX3
#0 0 0 B

# 4H
#0  0 1 -1 AX3
#0 -1 0 -1 B

# 6H
#0  0 1  -1  0   0  AX3
#0 -1 0  -2  0   0  B

# 9R
#0  0 1  1  1 -1  -1  -1  0  AX3
#0 -1 1  1  0 -1  -1  1  0  B

# 12R
#0  0 1 1  1  1 -1 -1  -1  -1  0  0 AX3
#0 -1 1 1  1  0 -1 -1  -1   1  0  0 B

# 3C8H
#0  0  1  1  2  2 0  0  1  1 1  AX3
#0 -1 -2  0 -1 -2 0 -1 -2 -2 -2  B

# 9C2H
#0 0 0 0 0 0 0 0 0  0  1  AX3
#0 0 0 0 0 0 0 0 0 -1 -2  B

#8H
#0  0  -2  -1  0  -2  1  1  AX3
#0 -1  0   1  -1  -2  1  1  B

#10H
#0  0  -2  -1  0  -2  -1  2 -1 2   AX3
#0 -1  0   1  -1  3  2  -4 -1 -1  B

#12H
#0  0  -2  -1  0  -2  -1  -6 0 0 0  0   AX3
#0 -1  0   1  -1  3  1    -3 0 3 -3 0  B

#14H
#0  0  -2  -1  0  -2  -1 -6 -2 -2 -2 4 -2  -2   AX3
#0 -1  0   1  -1  3  1  -4  -2 4 -2 -2 -2 -2 B

#16H
#0  0  -2  -1  0  -2  -1 -6 -2 -4 -1  5  -1  -1  2 2  AX3
#0 -1  0   1  -1  3  1  -4  0 5 -4 -4 -1 -1 -1 2 B

#18H
#0  0  -2  -1  0  -2  -1 -6 -2 -4 0  6  -3 -6 -3 3 0 0  AX3
#0 -1  0   1  -1  3  1  -4  0  4  -3 -3 0 0 0 3 0 0 B

#20H
#0  0  -2  -1  0  -2  -1 -6 -2 -4  0  7  1 -2 1 7 -2 1 4 4 AX3
#0 -1  0   1  -1  3  1  -4  0  4  -4  -5 1 1 1 4 1 1 1 1  B

