#Model 12 hccccc--12H??
#0  0 1 2 0 1  -1  0  0 0 0 0 Cs
#0 -1 0 1 2 0  -2  0  0 0 0 0 Sn
#0  0 1 2 0 1  -1  0  0 0 0 0 I1
#0  0 1 2 0 1  -1  0  0 0 0 0 I2
#0  0 1 2 0 1  -1  0  0 0 0 0 I3

#12R  hhcc
#0  0 1 1  1  1 -1 -1  -1  -1  0  0 Cs
#0 -1 1 1  1  0 -1 -1  -1   1  0  0 Sn
#0  0 1 1  1  1 -1 -1  -1  -1  0  0 I1
#0  0 1 1  1  1 -1 -1  -1  -1  0  0 I2
#0  0 1 1  1  1 -1 -1  -1  -1  0  0 I3

#2c7H2c7H-180
#0  0  1  1  2  2  0  0  1 2  0  0  1  1  2  2 0  0  Cs
#0 -1 -2  0 -1 -2  0 -1  0 1  0 -1 -2  0 -1 -2 0  0  Sn
#0  0  1  1  2  2  0  0  1 2  0  0  1  1  2  2 0  0  I1
#0  0  1  1  2  2  0  0  1 2  0  0  1  1  2  2 0  0  I2
#0  0  1  1  2  2  0  0  1 2  0  0  1  1  2  2 0  0  I3

#9R hhc
#0  0 1  1  1 -1  -1  -1  0  Cs
#0 -1 1  1  0 -1  -1   1  0  Sn
#0  0 1  1  1 -1  -1  -1  0  I1
#0  0 1  1  1 -1  -1  -1  0  I2
#0  0 1  1  1 -1  -1  -1  0  I3


#9R hhc test decode
0  0 1  1  1 -1  -1  -1  0  Cs
0 -1 1  1  0 -1  -1   1  0  Sn
0  0 1  1  1 -1  -1  -1  0  I1
0  0 1  1  1 -1  -1  -1  0  I2
0  0 1  1  1 -1  -1  -1  0  I3

#6H  hcc
#0  0 1  -1  0   0  Cs
#0 -1 0  -2  0   0  Sn
#0  0 1  -1  0   0  I1
#0  0 1  -1  0   0  I2
#0  0 1  -1  0   0  I3

#4H  hc
#0  0 1 -1 Cs
#0 -1 0 -1 Sn
#0  0 1 -1 I1
#0  0 1 -1 I2
#0  0 1 -1 I3

#3C 
#0 0 0 Cs
#0 0 0 Sn
#0 0 0 I1
#0 0 0 I2
#0 0 0 I3

#2H  h
#0  0   Cs
#0 -1  Sn
#0  0   I1
#0  0   I2
#0  0   I3